'4d1d8491d8c515de7735c57f3734637a3ae05b1fabd2cd0526d6233866182558'
'b9afe32fae952bed013125e5c3f343913d6a02bff1b399c71ff9b8f0cc7f5254'
'78586b90abf2ce37103572906023095e3bdd7c5dbbbfc677e55fd1283f76c2c2'
'6b9adf1cd7c10ace22eb532ad85bc926ca38214293b170416491ccf258008cd0'
'2cde50b256aace335f0bd9ede5d9501a2d407c7fdfb279a03eadc2ae786d76b9'
'619a855086573fd67a4e6902c3e34d98402935b236ada9071b5c034da1d737b0'
'dfd86b843487f43305065996af3da0a36bfadd2ebbfab49d62db5e5a33fe37a5'
'ed2844f6ecb7389cffb733f75c65a8ab8e78f1260db72f569f74229d06ce9b82'
'0f2d70ddd3c1b56b9d952f7d0fcdc23dc7e4ad2f9c86c0ecf84513ad1e32edf9'
25.3125000000000	36.5625000000000	87.1875000000000	-253.125000000000	163.125000000000	78.7500000000000	194.062500000000	-30.9375000000000	-165.937500000000	216.562500000000	28.1250000000000	-250.312500000000	-239.062500000000	216.562500000000	258.750000000000	177.187500000000	-213.750000000000	272.812500000000	-22.5000000000000	-92.8125000000000	-53.4375000000000	-163.125000000000	247.500000000000	286.875000000000	36.5625000000000	143.437500000000	11.2500000000000	-216.562500000000	312.187500000000	-115.312500000000	239.062500000000	-19.6875000000000
320.625000000000	236.250000000000	-143.437500000000	47.8125000000000	154.687500000000	289.687500000000	-233.437500000000	92.8125000000000	-230.625000000000	109.687500000000	309.375000000000	289.687500000000	-149.062500000000	5.62500000000000	272.812500000000	53.4375000000000	348.750000000000	-56.2500000000000	323.437500000000	281.250000000000	-14.0625000000000	95.6250000000000	-22.5000000000000	-61.8750000000000	244.687500000000	84.3750000000000	112.500000000000	22.5000000000000	312.187500000000	177.187500000000	222.187500000000	104.062500000000
-67.5000000000000	-73.1250000000000	165.937500000000	-149.062500000000	-135	-196.875000000000	227.812500000000	-199.687500000000	-222.187500000000	0	-188.437500000000	320.625000000000	-92.8125000000000	286.875000000000	-115.312500000000	185.625000000000	-5.62500000000000	174.375000000000	-22.5000000000000	-22.5000000000000	67.5000000000000	295.312500000000	-165.937500000000	64.6875000000000	225	-137.812500000000	-163.125000000000	118.125000000000	-135	343.125000000000	-132.187500000000	-143.437500000000
295.312500000000	19.6875000000000	42.1875000000000	-5.62500000000000	-157.500000000000	233.437500000000	30.9375000000000	19.6875000000000	84.3750000000000	-98.4375000000000	-143.437500000000	123.750000000000	0	-222.187500000000	-244.687500000000	-56.2500000000000	210.937500000000	50.6250000000000	11.2500000000000	95.6250000000000	-33.7500000000000	163.125000000000	-84.3750000000000	104.062500000000	-70.3125000000000	-233.437500000000	50.6250000000000	196.875000000000	-39.3750000000000	19.6875000000000	75.9375000000000	98.4375000000000
-261.562500000000	143.437500000000	-101.250000000000	225	11.2500000000000	137.812500000000	168.750000000000	-75.9375000000000	-135	-56.2500000000000	129.375000000000	281.250000000000	19.6875000000000	-129.375000000000	81.5625000000000	171.562500000000	149.062500000000	-59.0625000000000	0	168.750000000000	19.6875000000000	-64.6875000000000	-39.3750000000000	140.625000000000	2.81250000000000	-19.6875000000000	-129.375000000000	92.8125000000000	67.5000000000000	-165.937500000000	-174.375000000000	-25.3125000000000
194.062500000000	-22.5000000000000	-73.1250000000000	165.937500000000	-64.6875000000000	-194.062500000000	67.5000000000000	264.375000000000	281.250000000000	-149.062500000000	306.562500000000	19.6875000000000	-222.187500000000	25.3125000000000	-81.5625000000000	315	348.750000000000	196.875000000000	149.062500000000	22.5000000000000	300.937500000000	-168.750000000000	-225	101.250000000000	-157.500000000000	-120.937500000000	33.7500000000000	-78.7500000000000	-120.937500000000	-61.8750000000000	289.687500000000	275.625000000000
-16.8750000000000	270	-8.43750000000000	-194.062500000000	270	354.375000000000	-56.2500000000000	309.375000000000	-149.062500000000	-118.125000000000	56.2500000000000	-149.062500000000	73.1250000000000	143.437500000000	22.5000000000000	317.812500000000	16.8750000000000	-216.562500000000	50.6250000000000	196.875000000000	-233.437500000000	-101.250000000000	-106.875000000000	292.500000000000	16.8750000000000	-165.937500000000	343.125000000000	-227.812500000000	22.5000000000000	64.6875000000000	163.125000000000	-270
289.687500000000	47.8125000000000	205.312500000000	334.687500000000	213.750000000000	-98.4375000000000	275.625000000000	36.5625000000000	-233.437500000000	171.562500000000	194.062500000000	219.375000000000	270	253.125000000000	-123.750000000000	199.687500000000	160.312500000000	-202.500000000000	-92.8125000000000	309.375000000000	-244.687500000000	210.937500000000	244.687500000000	-53.4375000000000	149.062500000000	98.4375000000000	337.500000000000	-247.500000000000	-188.437500000000	267.187500000000	-267.187500000000	275.625000000000
281.250000000000	-199.687500000000	42.1875000000000	-149.062500000000	-104.062500000000	-253.125000000000	39.3750000000000	239.062500000000	194.062500000000	329.062500000000	-253.125000000000	-270	-22.5000000000000	-42.1875000000000	11.2500000000000	64.6875000000000	-210.937500000000	-202.500000000000	-146.250000000000	87.1875000000000	-191.250000000000	126.562500000000	171.562500000000	-28.1250000000000	-45	-109.687500000000	104.062500000000	-140.625000000000	329.062500000000	67.5000000000000	-210.937500000000	284.062500000000






'05eb412d65419a41c1e4e22ac244e527b3cbf8f17d080674091a3b6ce05df0d8'
'342d70f77f47cdbbce76a135a362dd6af65655be8f03fb307ccc25900eec7bb6'
'7605fa4d1fce9760323882bd8bbe6c6b47c5f1bc627d5bce95402dd26e338bfd'
'80fc7ee34bdfd7af5762ce3c6e4da34cfdd67ee10b6637c1afedc9eb60f4c35f'
'bd59b6254caf980c28d4fb058c9d8bc3ecaa6a75323d6c1b8e79ce29b433fba5'

'ed34d13f5841204d1978c00ecef730ba20a043ed3915077cceefd60a67c6eb73'
'0313a6b34b81be83912c350f667fd2d4baa7aab5762a6d0dd5ac183c707b713b'
'db3f795e80af2116987dccf926cfa436bb68d4845b65f1ee134abb407409dc0f'
'1b83441fb39cdc7b43dad6dbf8bb3e4ffafc25d6a71478feb8e1196c7d0b099a'
-182.812500000000	286.875000000000	306.562500000000	-84.3750000000000	157.500000000000	-95.6250000000000	-118.125000000000	180	81.5625000000000	177.187500000000	81.5625000000000	50.6250000000000	2.81250000000000	59.0625000000000	11.2500000000000	199.687500000000	-78.7500000000000	154.687500000000	-146.250000000000	0	19.6875000000000	157.500000000000	115.312500000000	289.687500000000	286.875000000000	-174.375000000000	-233.437500000000	92.8125000000000	-25.3125000000000	174.375000000000	-208.125000000000	-14.0625000000000
227.812500000000	345.937500000000	47.8125000000000	168.750000000000	-67.5000000000000	106.875000000000	14.0625000000000	87.1875000000000	236.250000000000	-182.812500000000	36.5625000000000	-230.625000000000	11.2500000000000	171.562500000000	165.937500000000	109.687500000000	87.1875000000000	36.5625000000000	-112.500000000000	67.5000000000000	-98.4375000000000	-78.7500000000000	163.125000000000	-227.812500000000	45	191.250000000000	177.187500000000	-42.1875000000000	45	-143.437500000000	267.187500000000	-168.750000000000
14.0625000000000	-194.062500000000	28.1250000000000	-16.8750000000000	286.875000000000	-168.750000000000	-241.875000000000	168.750000000000	298.125000000000	255.937500000000	0	115.312500000000	8.43750000000000	81.5625000000000	-146.250000000000	275.625000000000	-30.9375000000000	5.62500000000000	-84.3750000000000	-196.875000000000	191.250000000000	53.4375000000000	-225	270	-140.625000000000	-185.625000000000	101.250000000000	222.187500000000	53.4375000000000	284.062500000000	25.3125000000000	81.5625000000000
-90	-191.250000000000	53.4375000000000	284.062500000000	109.687500000000	-182.812500000000	-208.125000000000	188.437500000000	56.2500000000000	202.500000000000	39.3750000000000	47.8125000000000	11.2500000000000	-233.437500000000	70.3125000000000	-157.500000000000	-14.0625000000000	210.937500000000	36.5625000000000	-219.375000000000	329.062500000000	112.500000000000	154.687500000000	-126.562500000000	64.6875000000000	8.43750000000000	-230.625000000000	-39.3750000000000	30.9375000000000	-230.625000000000	-165.937500000000	-261.562500000000

-163.125000000000	56.2500000000000	331.875000000000	143.437500000000	357.187500000000	326.250000000000	-140.625000000000	33.7500000000000	5.62500000000000	-22.5000000000000	-219.375000000000	146.250000000000	137.812500000000	28.1250000000000	216.562500000000	194.062500000000	334.687500000000	19.6875000000000	112.500000000000	123.750000000000	340.312500000000	323.437500000000	-112.500000000000	-50.6250000000000	345.937500000000	160.312500000000	22.5000000000000	298.125000000000	-87.1875000000000	28.1250000000000	171.562500000000	-180
78.7500000000000	2.81250000000000	120.937500000000	-67.5000000000000	47.8125000000000	-216.562500000000	-112.500000000000	-216.562500000000	84.3750000000000	-42.1875000000000	104.062500000000	-73.1250000000000	-233.437500000000	-75.9375000000000	67.5000000000000	196.875000000000	-177.187500000000	-115.312500000000	45	98.4375000000000	101.250000000000	340.312500000000	5.62500000000000	236.250000000000	33.7500000000000	300.937500000000	-185.625000000000	33.7500000000000	-112.500000000000	-255.937500000000	-188.437500000000	61.8750000000000
329.062500000000	64.6875000000000	14.0625000000000	-92.8125000000000	39.3750000000000	118.125000000000	267.187500000000	306.562500000000	244.687500000000	-185.625000000000	160.312500000000	-151.875000000000	129.375000000000	137.812500000000	39.3750000000000	67.5000000000000	180	-75.9375000000000	-19.6875000000000	92.8125000000000	95.6250000000000	199.687500000000	-137.812500000000	-135	202.500000000000	-213.750000000000	275.625000000000	42.1875000000000	45	-227.812500000000	312.187500000000	199.687500000000
2.81250000000000	154.687500000000	208.125000000000	222.187500000000	315	22.5000000000000	-126.562500000000	-78.7500000000000	-174.375000000000	177.187500000000	-67.5000000000000	39.3750000000000	-123.750000000000	-222.187500000000	132.187500000000	337.500000000000	112.500000000000	-180	348.750000000000	16.8750000000000	2.81250000000000	61.8750000000000	25.3125000000000	-225	-101.250000000000	-22.5000000000000	70.3125000000000	-182.812500000000	182.812500000000	22.5000000000000	317.812500000000	216.562500000000
42.1875000000000	236.250000000000	-70.3125000000000	163.125000000000	286.875000000000	-120.937500000000	45	50.6250000000000	-36.5625000000000	345.937500000000	286.875000000000	177.187500000000	-258.750000000000	33.7500000000000	-115.312500000000	-216.562500000000	59.0625000000000	90	-135	261.562500000000	-2.81250000000000	-225	-95.6250000000000	-202.500000000000	42.1875000000000	118.125000000000	140.625000000000	59.0625000000000	11.2500000000000	67.5000000000000	154.687500000000	70.3125000000000